%YAML:1.0
---
nb_camera: 2
camera_0:
   camera_matrix: !!opencv-matrix
      rows: 3
      cols: 3
      dt: d
      data: [ 1.1276791273639790e+03, 0., 9.6947175017215193e+02, 0.,
          1.1306621614062115e+03, 5.9101270471849364e+02, 0., 0., 1. ]
   distortion_vector: !!opencv-matrix
      rows: 1
      cols: 5
      dt: d
      data: [ -3.7349523935951190e-01, 1.7178905860681898e-01,
          -7.5412974984426467e-04, -8.4852043554764037e-05,
          -4.0707195873941129e-02 ]
   distortion_type: 0
   camera_group: 0
   img_width: 1920
   img_height: 1200
   camera_pose_matrix: !!opencv-matrix
      rows: 4
      cols: 4
      dt: d
      data: [ 1., 0., 0., 0., 0., 1., 0., 0., 0., 0., 1., 0., 0., 0., 0.,
          1. ]
camera_1:
   camera_matrix: !!opencv-matrix
      rows: 3
      cols: 3
      dt: d
      data: [ 1.1486333069192885e+03, 0., 9.7185839410175186e+02, 0.,
          1.1517240210838140e+03, 5.6430330646507605e+02, 0., 0., 1. ]
   distortion_vector: !!opencv-matrix
      rows: 1
      cols: 5
      dt: d
      data: [ -3.7669898755610859e-01, 1.7996664508048937e-01,
          -4.9071918683110964e-04, 4.7892187241442533e-05,
          -4.5597185084991186e-02 ]
   distortion_type: 0
   camera_group: 0
   img_width: 1920
   img_height: 1200
   camera_pose_matrix: !!opencv-matrix
      rows: 4
      cols: 4
      dt: d
      data: [ 9.9239299309006901e-01, -3.2855939480520471e-02,
          -1.1864499360102222e-01, 2.3435370737367558e-01,
          3.2677861062395362e-02, 9.9945999351771087e-01,
          -3.4465568273570070e-03, 5.8452097993393910e-02,
          1.1869416439792231e-01, -4.5672577088713316e-04,
          9.9293075626624083e-01, 6.2025810115664666e-02, 0., 0., 0., 1. ]
